C:\Users\Ω…¿Á±Ÿ\Desktop\moonlight.wav
7000
166 3 0
198 2 0
231 1 0
266 0 0
303 2 0
340 3 0
374 2 0
413 3 0
430 3 0
456 2 0
493 1 0
522 0 0
559 2 0
597 3 0
632 1 0
663 2 0
708 3 0
723 3 0
751 2 0
788 1 0
823 0 0
859 2 0
895 3 0
931 2 0
968 0 0
1006 3 0
1021 3 0
1050 2 0
1085 1 0
1121 0 0
1161 3 0
1175 3 0
1201 2 0
1237 1 0
1269 0 0
1313 3 0
1328 3 0
1348 2 0
1509 2 0
1526 1 0
1544 2 0
1562 1 0
1580 2 0
1601 1 0
1620 2 0
1638 1 0
1657 3 0
1671 3 0
1690 3 0
1708 3 0
1726 3 0
1745 3 0
1763 3 0
1780 3 0
1801 3 0
1819 3 0
1837 3 0
1856 3 0
1874 3 0
1891 3 0
1907 3 0
1923 3 0
1937 3 0
1954 0 0
1969 3 0
1990 0 0
2007 3 0
2026 0 0
2040 3 0
2059 0 0
2075 3 0
2101 3 0
2135 3 0
2187 3 0
2190 3 0
2194 3 0
2196 3 0
2200 3 0
2204 3 0
2207 3 0
2208 3 0
2213 3 0
2217 3 0
2220 3 0
2223 3 0
2226 3 0
2229 3 0
2232 3 0
2235 3 0
2239 3 0
2243 3 0
2246 3 0
2249 3 0
2252 3 0
2255 3 0
2259 3 0
2262 3 0
2265 3 0
2268 3 0
2271 3 0
2275 3 0
2278 3 0
2281 3 0
2284 3 0
2288 3 0
2291 3 0
2294 3 0
2298 3 0
2301 3 0
2304 3 0
2307 3 0
2310 3 0
2314 3 0
2317 3 0
2320 3 0
2324 3 0
2326 3 0
2329 3 0
2334 3 0
2337 3 0
2340 3 0
2395 3 0
2433 3 0
2471 3 0
2515 3 0
2530 3 0
2840 3 0
2861 3 0
2884 3 0
2920 3 0
2956 3 0
2989 3 0
3026 3 0
3064 3 0
3099 3 0
3140 3 0
3180 1 0
3212 2 0
3293 3 0
3318 0 0
3337 1 0
3345 0 0
3356 1 0
3376 0 0
3434 1 0
3442 2 0
3470 1 0
3478 3 0
3506 0 0
3580 1 0
3587 2 0
3610 1 0
3621 3 0
3654 0 0
3736 0 0
3750 2 0
3785 3 0
3806 2 0
3845 2 0
3878 2 0
3898 3 0
3920 1 0
3938 1 0
3951 1 0
3989 1 0
4026 1 0
4047 2 0
4067 1 0
4086 3 0
4103 0 0
4142 0 0
4177 0 0
4198 3 0
4215 0 0
4239 2 0
4256 3 0
4293 3 0
4325 3 0
4347 2 0
4384 3 0
4459 2 0
4526 0 0
4532 2 0
4547 1 0
4554 3 0
4557 0 0
4565 2 0
4671 1 0
4754 0 0
4828 1 0
4834 0 0
4843 1 0
4855 1 0
4866 3 0
4986 2 0
5094 0 0
5097 1 0
5107 2 0
5115 1 0
5119 0 0
5134 2 0
5142 1 0
5148 0 0
5151 2 0
5162 1 0
5170 0 0
5181 1 0
5192 2 0
5195 0 0
5203 1 0
5210 0 0
5218 1 0
5224 0 0
5232 1 0
5240 0 0
5249 1 0
5258 0 0
5267 1 0
5270 2 0
5274 0 0
5278 1 0
5286 0 0
5291 2 0
5300 2 0
5318 0 0
5329 1 0
5353 0 0
5357 2 0
5390 2 0
5397 0 0
5417 1 0
5509 1 0
5517 3 0
5523 1 0
5531 3 0
5542 3 0
5549 1 0
5554 3 0
5562 1 0
5568 3 0
5576 1 0
5584 3 0
5618 2 0
5687 1 0
5693 0 0
5706 2 0
5720 0 0
5733 2 0
5745 0 0
5753 1 0
5766 0 0
5776 2 0
5786 0 0
5806 1 0
5815 0 0
5831 2 0
5845 3 0
5862 0 0
5870 2 0
5881 1 0
5892 3 0
5900 2 0
5909 0 0
5921 1 0
5932 3 0
5946 0 0
5958 1 0
5969 3 0
5986 0 0
5998 1 0
6006 3 0
6020 1 0
6025 0 0
6031 2 0
6040 1 0
6053 3 0
6067 0 0
6078 1 0
6089 3 0
6102 1 0
6112 3 0
6117 2 0
6128 1 0
6131 3 0
6134 2 0
6173 2 0
6263 1 0
6335 3 0
6406 0 0
6486 2 0
6515 2 0
6565 3 0
6596 0 0
6643 2 0
6827 1 0
6828 2 0
6831 0 0