res/Good_bye_my_friend.wav
8200
110 3 0
149 0 0
188 1 0
310 3 0
349 2 0
388 1 0
510 1 0	
548 0 0
587 2 0
715 3 0
765 2 0
815 0 0
865 1 0
915 3 0
954 2 0
992 3 0
1114 2 0
1150 1 0
1192 0 0
1314 1 0
1353 0 0
1392 3 0
1441 2 0
1491 3 0
1514 0 0
1563 1 0
1613 3 0
1663 2 200
1913 1 0
1946 0 0
1990 3 0
2040 0 0
2062 1 0
2090 0 0
2118 3 0
2151 2 0
2184 1 0
2262 0 0
2290 1 0
2317 3 0
2345 1 0
2389 3 0
2439 2 0
2489 0 0
2517 3 0
2567 2 0
2617 0 0
2667 1 0
2717 3 0
2744 1 0
2789 3 0
2838 0 0
2866 1 0
2894 0 0
2916 3 0
2949 2 0
2988 1 0
3066 0 0
3088 1 0
3116 3 0
3166 1 0
3188 2 0
3243 3 0
3265 2 0
3288 1 0
3315 3 0
3365 1 0
3415 2 0
3465 0 0
3515 3 0
3592 1 0
3665 0 0
3715 3 0
3794 1 0
3866 0 0
3914 3 0 
3964 1 0
4014 2 0
4064 0 0
4114 1 0
4164 3 0
4214 0 0
4264 2 0
4313 3 0
4390 1 0
4468 0 0
4490 3 0
4518 2 0
4590 1 0
4668 0 0
4718 2 0
4740 0 0
4768 1 0
4790 3 0
4840 0 0
4890 1 0
4917 3 0
4967 2 0
5017 1 0
5067 0 0
5123 3 0
5139 0 0
5167 1 0
5189 2 0
5267 3 0
5289 2 0
5317 0 0
5339 1 0
5366 2 0
5394 0 0
5466 2 0
5516 0 0
5544 1 0
5566 2 0
5594 3 0
5666 3 0
5694 2 0
5716 0 0
5766 2 0
5816 0 0
5866 3 0
5915 2 0
5943 0 0
5965 1 0
5993 2 0
6065 3 0
6093 2 0
6115 0 0
6143 1 0
6165 2 0
6192 3 0
6265 2 0
6320 0 0
6342 1 0
6364 2 0
6392 0 0
6470 2 0
6492 3 0
6520 0 0
6541 1 0
6570 2 0
6592 0 0
6642 2 150
6919 3 0
6969 2 0
7019 1 0
7069 0 0
7119 3 0
7268 1 0
7318 0 0
7368 1 0
7418 2 0
7468 3 0
7517 2 0
7617 1 0
7717 0 0
7817 3 300